0 94.5403
1 69.7575
2 61.5487
3 57.4858
4 49.3186
5 94.6491
6 84.4536
7 88.1446
8 105.761
9 78.0108
10 145.39
11 89.8266
12 133.862
13 111.555
14 93.8203
15 61.4333
16 91.1946
17 65.5659
18 101.538
19 104.32
20 101.601
21 126.998
22 85.5783
23 90.0036
24 71.8046
25 84.4528
26 72.4703
27 61.8934
28 110.665
29 73.936
30 116.492
31 79.783
32 90.2464
33 85.8281
34 90.7804
35 87.5069
36 71.7806
37 66.0483
38 79.4836
39 83.7773
40 80.21
41 101.477
42 105.548
43 91.3322
44 98.5074
45 68.3475
46 103.645
47 92.6671
48 63.7008
49 68.4964
50 108.377
51 82.9472
52 86.4881
53 102.063
54 79.9516
55 76.7769
56 68.5341
57 95.9716
58 85.2625
59 85.0564
60 78.9767
61 74.846
62 97.4735
63 133.793
64 98.0099
65 93.877
66 99.3536
67 92.6574
68 62.1241
69 74.8786
70 74.2723
71 90.2765
72 70.3799
73 68.1921
74 105.136
75 70.7896
76 95.1407
77 110.224
78 91.9373
79 98.1168
80 64.0433
81 81.5974
82 100.879
83 81.9756
84 101.008
85 60.5335
86 68.0544
87 77.3524
88 90.4521
89 90.3083
90 92.0699
91 104.314
92 55.8986
93 90.0762
94 73.2067
95 70.5208
96 68.7964
97 51.8329
98 76.7933
99 82.6097
100 80.847
101 53.6615
102 63.402
103 75.6669
104 91.7586
105 91.838
106 73.2768
107 88.3747
108 93.6258
109 53.9765
110 98.9227
111 91.809
112 79.5183
113 72.9495
114 74.5308
115 88.7267
116 79.9099
117 153.631
118 116.798
119 58.9662
120 85.0536
121 74.6035
122 53.0066
123 110.598
124 113.473
125 84.1516
126 82.0179
127 66.754
128 73.0488
129 78.4895
130 73.2768
131 73.5767
132 83.5524
133 101.435
134 122.19
135 89.8789
136 52.9009
137 98.097
138 95.0676
139 63.504
140 95.8348
141 69.3698
142 80.9272
