-11.03542765870898 4.29874881732192 0.03372903571992
6.02188406504912 3.66640017100921 5.47753568082959
-3.67914107862524 -9.45212372123483 0.17946212251635
-6.47688087794645 -0.40850932819252 1.99786076072657
11.08151787303402 0.98052309673208 0.18088840595679
-10.09156377746351 -4.56477683495802 0.03077243182232
-2.51053235049242 8.77380738371566 0.80966878938318
-2.65016112217050 7.45567660561059 2.00703525575548
11.75390128876483 -1.83614596433190 0.09903435410258
-0.43366772060817 -9.30682769405581 0.70030719563459
10.98521535288801 -2.13841361135475 0.22729277845945
-5.32255382254360 6.48531139395991 1.28528185333820
-0.60191595337372 -8.74510129748239 1.08012402319155
10.08373128326196 -0.33236092136582 0.58660073767208
8.17370521682231 3.41538039205491 1.47480281509436
0.38909568916506 -10.16762474720260 0.37167025890256
7.48805645846672 -0.32850966401797 4.93943985193803
8.13521367695032 3.61267874756203 1.41721743417033
7.49149713350443 -7.68621940124257 0.54467633227373
-6.77781551113305 4.23776922437517 1.30277264298405
3.15480442450894 11.29338801271538 0.06438935010732
8.46709960354394 -7.18810656063491 0.38128242937860
-3.39234595504514 -7.27157709164687 1.11971024734776
10.78691328845727 -1.38984502696663 0.29324460868110
4.31534904681540 9.11640180695763 0.40530812216894
-11.27603792005736 3.26786837928576 0.03099414147582
5.13814209957534 -4.81173573382017 8.16693423690636
-3.94115999292222 -5.86706955318514 1.92360465270528
-2.01508318798326 11.56080556007582 0.06297740060309
3.97606080886968 -10.66757046319247 0.19919094822228
5.41343620725540 4.31028186644000 5.79198295560086
7.72416840299671 0.37483261885354 4.00060947187516
-6.91730374516503 -3.02759673469322 0.86037271891361
5.88070041802376 2.04968966366146 9.36577151130374
-7.55338119320133 -1.27155636418518 0.79198396574016
-10.22322554084779 -4.01316781104728 0.03307311574011
-1.03293934193065 11.10925570014814 0.11643298284236
2.49546713479934 -7.96902860168071 2.61324384876003
-6.88444873078182 1.44260945445414 1.68862659310600
-4.97034769223066 9.69176920259419 0.16798159168318
9.54438132640639 -5.60074113939502 0.36820521570994
7.51468255346471 1.50517377697861 3.94559911309773
-1.92102394287560 -5.98713526499780 4.51270834931311
-5.90155277115920 6.27444504148482 1.05494665732356
-5.68535447808227 4.78483404020066 2.13524381772003
-11.78398791777884 0.06017305148136 0.01609167615227
2.79395645693445 -5.79693408459920 9.43772394278821
-10.23059769613200 4.07342929117386 0.08150769123674
-10.92401248902361 3.98162181847746 0.04064964901357
10.54355021277038 -0.87024984131799 0.37835032022820
-6.60442528105425 7.31531822211559 0.40653909077242
-4.66283847063649 4.01779499843678 4.46502647973680
-2.33576968956500 10.29921542088186 0.22074410804027
11.38280602772947 -0.65446946414957 0.15320951488130
-8.61692778003422 7.72517939292146 0.07717712800595
9.08572117431374 -1.55109108020023 1.45870568381445
-10.05568758816831 5.86136780136846 0.05616294573885
-6.76639481081264 -2.41763277437019 1.13032552720521
-7.29515505898060 -4.68746570616427 0.36364913658563
-9.12572880101958 0.06107065983651 0.25710777563123
9.06851800684957 5.73497104341929 0.24851536108419
6.07100437812220 -4.64352239333162 5.81105795370103
-1.53752531969042 9.22075818185204 0.67461056889500
-6.54524916801462 0.68091241906819 2.08991002354734
-4.13897076201941 11.22500640871334 0.05289597819434
-11.58370397291727 -1.06916990879179 0.01667134680600
-0.69923721548773 -7.52224911324668 2.62583294905186
1.21822419025754 9.99660759266965 0.36071757419032
-3.70308184189315 7.76676039942205 1.19566510299898
-7.85238005329215 8.02266306060213 0.11441187309758
6.92419287095079 -9.65578551660707 0.16158920728972
3.99852185317174 8.39790266463989 0.84169480218826
-5.46765832758508 4.25177688070006 2.80489688723302
-5.32190881134839 4.98924652264466 2.41670327452423
-5.83607677741721 -8.68482339881638 0.09668213896491
-10.16595867444077 -1.68885349713381 0.06880390123618
2.93355514622529 5.45928005984490 7.84335193297404
-2.63898817765439 -9.28086927418989 0.34109871880749
4.04029825980359 9.18834297636824 0.41940865191740
-1.63885716072761 6.03094156223381 5.72345579113833
4.23565245151761 9.18066871823227 0.39389201436001
1.97868907113359 7.42659379190525 2.82310726672886
5.55804007022375 -4.34673400562638 8.13368561561601
-10.65037691131271 3.00781364179409 0.06250039577641
6.16879879678891 -0.25643692695550 10.83049123377974
7.39325906444508 4.39855987947250 1.78441063681971
-3.41599522422846 -5.06283622481843 3.69824015422466
9.20202154681069 5.88027116575497 0.20330287010966
5.49572841800440 6.35314368605487 1.96629251744676
-1.83482638744975 6.60242254406999 4.05298794756851
-8.57662770914866 0.64635982605622 0.44283905508810
-10.18000666931074 1.86941256134935 0.10638955670774
-8.03496362888087 4.88279814570627 0.45164748115504
-6.15508793482526 -1.49974718320287 2.11696653357913
-1.63967551187644 9.61868955825350 0.46948765434906
-6.54269379023040 -4.11865471850286 0.79875607571174
-10.00893703810340 -0.97897099808531 0.09363761669073
-7.33519421814074 3.82948767058971 0.98156230949170
5.28645754037759 -4.21449931485353 9.49761684785869
0.07920010839178 -9.89400115732623 0.45788661723205
-1.46065111068322 -10.41242832276049 0.18530915886017
-7.91439941052149 4.92660751831195 0.48793987901135
-7.98813293638111 1.50774769038032 0.74672147460329
-3.46533914951518 8.33092547389854 0.87321760563524
3.37079082091228 -9.51054104567709 0.68030095844069
-1.73198049019450 6.00339368078197 5.69429510667448
0.72172297478541 -11.11743956945400 0.14699842255731
-4.12102192931292 4.89327884710466 4.34812052514042
1.72949800607241 11.27308638240435 0.08928555131824
1.24705774193984 9.09903466100613 0.82237201194248
-9.02569460958211 -5.50000275881080 0.05803967518974
-6.05327890124455 3.49775614402714 2.39408561782065
7.85958858202432 5.77415684388719 0.64865718398726
10.30505797077928 -1.82115825503591 0.46884742977168
-8.99876327319249 6.57743882154060 0.10653360885843
5.05641584438601 10.59425739863586 0.06934281229683
4.44352723848479 10.19219073134557 0.13718793790659
-9.91462995774640 1.37826866890131 0.13673361172361
-2.00778024866501 -8.87638895837028 0.62182347825813
-7.75725117326650 -4.08317958709292 0.31657931523344
5.88942028527303 -4.53629790525170 6.57862981571581
-7.52875895038502 -7.31370783529520 0.07620687045227
3.84039918055184 7.17275025228314 2.22968646508100
3.01897895058640 -7.71550886344154 2.96483132352348
9.04844283583281 4.04662475666932 0.56755413989657
9.44979820489458 4.12046880304701 0.38429565960426
-5.99624846498609 7.33381859707185 0.57017347117426
10.58401614352873 -5.00838556185364 0.17589266284570
-4.01157179573932 5.08090466770686 4.24844329853284
-0.21266197228709 -9.39628917943457 0.68026357665263
-8.91279622738568 1.12855284281151 0.34177243757003
6.91944662327548 -1.05756227532342 7.13874340175478
-2.63539743433204 -10.84657491632711 0.07574022752194
-3.42833848773584 -8.15915618757554 0.58884532720838
8.37131398702170 -1.03623914127481 2.64090579593565
-7.35722894164934 -2.26803931757341 0.74882895582704
-10.47432283940070 3.68098319422214 0.06861625853316
-11.14737097441314 -0.45598298243592 0.03081102005365
-9.10784534586309 -6.90608666054988 0.02526273601256
-9.64182582584392 4.83748840929276 0.11850243438992
-10.18763866723029 4.02076633105073 0.08596737407385
2.52623140401931 8.46002271622439 1.18161100849288
-0.81810997518220 11.76093537995311 0.05732302938176
0.84091773833871 -9.31402380261014 0.86691488181915
6.89251904901576 1.54117204725851 5.88002964036875
3.57006133876742 6.13632507748858 4.65325864405301
-5.86063415070574 5.90696487668269 1.27438909980380
-5.94738547130527 9.57142275645748 0.11654812473308
-2.32795874957131 6.82344368316893 3.19851561385683
9.96151937142256 -3.28127108381024 0.53482409159227
6.18068238685873 -8.53913335690493 0.61279966042267
7.11695855274219 2.44190127145181 4.18282272093331
-10.10430479425121 3.89464893524207 0.09563328663917
-9.51623822356791 -3.05582517835416 0.09202824575177
1.67078577565456 7.03968475729976 3.80109967746276
-3.85203032356649 11.25171624870657 0.05661559540302
7.78560279401316 3.54878433885482 1.88344685961868
8.00880341687161 -0.67021816685921 3.46226643675026
3.75314649145241 10.69499259796424 0.10400228063707
9.20548862719492 -4.23684327694834 0.82399125529124
5.51712458045995 8.34517346638948 0.46771821377602
8.14832689513174 -0.50945555558410 3.11220568386295
3.12771005465509 -5.49315273947273 10.43063279145510
7.49819617921485 9.31281372931266 0.06049399063642
7.58515121917188 5.23649333856839 1.05504237025177
-6.04894733655438 6.59444339413741 0.83139865892907
-10.58984501823911 1.22884251008240 0.06861309590824
-7.48093516667637 3.47101553970350 0.94545656882700
3.76934547277160 -10.97095471298297 0.15199719260787
7.20823324681417 -4.37406471425080 3.40709481054228
-11.43812320609512 -2.54790499934040 0.01381431407233
0.95773446076040 5.94523846473740 7.60584398668197
8.38120025894312 -4.80400429444711 1.31707695070627
0.61505989874487 6.93111170259249 4.29809200138271
2.79286708668862 6.17761234003898 5.47065238454445
3.99681655604067 9.78217135146938 0.24368993185185
-6.35282344868591 -1.59326462466668 1.81597478280937
-1.69867557009111 6.14196091732788 5.34262522633639
10.38194895591566 -3.93222723768671 0.30537756223081
7.18632147666182 8.85982158003362 0.11349619239871
-2.47457354159212 -7.18655526653319 1.79709371676369
-9.05702405909599 1.21444328726150 0.30207857065533
3.58603400938643 8.51092202695929 0.87401617601253
-2.83019298534379 -6.59879407373894 2.21627236572839
-10.11466656900003 1.89107755009518 0.11354225150479
0.48619552125632 6.92735422419907 4.30627378505172
9.00514003113443 2.75069569678811 0.92278895561808
9.07206980706786 2.91496654906983 0.82898140177159
-8.40234200615311 -5.04311594943851 0.12516560646206
-6.99177734442051 -1.38115055219822 1.19265731285557
4.32246175536665 -5.92082349201165 6.57926925608100
-3.96836052428165 4.88910167228189 4.63433968230394
-8.09073713268289 -1.37125186091710 0.50312802505623
-4.39992853170981 -6.08694589696613 1.33023090810624
7.31190159462172 8.97882261994999 0.09366968850260
8.97080608786779 -5.59302228799395 0.60199248782822
-9.90415630458883 -1.86419166942724 0.08612404148226
-2.91918746314457 -9.93711696229320 0.16574759425995
7.65027352574131 3.10192246178141 2.41052695913146
3.41316337529753 -5.79463727992895 8.63269977750803
