0.200086041781 0.0437603112627
5.89176971331 -1.19003982637
0.695510661035 -0.289569137178
1.74910379843 -1.23295650275
1.59070120549 -0.641547671009
1.76352497633 -0.482529961811
0.0519900774245 0.415937418419
1.24383599849 -0.672364998726
0.741966747041 0.0984103969296
6.4570261862 -2.44805622889
7.78492611183 -1.96021046103
6.63523731402 -2.23248259993
5.63657468972 -1.1977030237
2.31510370882 -0.949895037194
0.808011435278 0.0594872536526
1.67605624617 -0.545863140733
1.36910918558 -0.948711916457
7.91618680509 -1.74672029333
5.47691400792 -0.44009794612
1.83238457571 -0.858223738934
2.14192700781 -0.762122979634
7.01094101178 -2.611435572
7.31638071792 -2.72618912909
1.97302006155 -1.14258949361
7.18258306882 -2.8292711689
7.98030085196 -2.0963990002
0.376931003398 0.213355235914
6.3366349149 -2.69578922748
7.96897104192 -1.28867237643
6.88623761788 -2.70831909083
5.45368295221 -1.03853706483
0.892417388767 -0.110079752239
7.63052742017 -2.5718093741
1.42921504424 0.0479241057776
2.38755833159 -0.764084862556
1.2227141484 -0.3169191265
6.22901182904 -2.70011012596
2.59324845604 -0.767890914644
7.02977502259 -2.98269144627
0.463401331954 0.877671335561
0.685227616543 -0.303116053384
6.08481732206 -2.51669964657
2.12045303152 -1.05001105822
1.69438564354 -0.544749680208
1.60920850712 -0.430250286194
0.968033566946 -0.202893286873
1.84091786077 -1.02175138655
1.83153427049 -0.261025124808
0.566858799109 0.207269095473
1.71389445896 -0.676859472375
6.27695539433 -2.7386043031
0.775446513831 -0.044272681729
5.83260679568 -0.970186122175
0.787342969216 -0.109867601233
6.89338029082 -2.85168892289
2.22836115734 -0.736640660772
6.89079283809 -3.15817099612
7.9942597473 -0.995561829986
7.41093586407 -2.95588612482
1.70997839359 -1.09668995842
7.88247075024 -1.72437421506
7.65854112688 -2.06342428283
5.74726620237 -1.44963244722
7.74967491975 -1.99956367687
5.98380448303 -1.82490384282
6.82175913639 -2.57580256669
0.640891721925 0.130678982848
5.40170042883 -0.872705293118
7.12229851304 -2.61766313923
7.47765006189 -2.29795432169
1.90948762093 -0.759021843014
2.39997663839 -0.741453485537
0.580344915945 0.540092921268
7.96877158284 -1.77544018643
2.121603318 -0.289580455196
