5.11541438766 -0.199459616947
1.78568590519 -0.589001134892
7.13743654164 -2.66439042064
0.238377755505 0.189474535181
0.212287757471 0.236832689594
4.35953184483 0.621260918745
6.47544365342 -2.5096122584
5.58511515991 -1.28413634225
7.65770457765 -2.41115949758
0.773731014668 0.174458132206
6.4570261862 -2.44805622889
7.78492611183 -1.96021046103
6.63523731402 -2.23248259993
4.61881716205 -0.13082823448
1.82318620521 -1.06187972431
1.86232709089 -0.902009606749
5.08547555412 -0.224987785564
1.67605624617 -0.545863140733
5.18428308197 -0.668233061286
5.8330143836 -1.59324879024
7.91618680509 -1.74672029333
5.47691400792 -0.44009794612
1.83238457571 -0.858223738934
2.14192700781 -0.762122979634
7.01094101178 -2.611435572
3.16505520849 -0.298741280218
2.11904133198 -0.901972737907
2.10193286818 -0.509231765884
3.19520404112 0.000211175022623
4.07621034941 0.505322794637
0.877193042805 0.268282321843
3.3772797344 0.000274893436059
7.96897104192 -1.28867237643
6.88623761788 -2.70831909083
5.45368295221 -1.03853706483
5.12769438864 -0.223107577465
3.62978965063 0.927587009021
2.10711240601 -1.21785969024
7.30102271476 -2.86039234881
5.11159595893 -0.5634800853
6.1000864006 -1.75858381475
4.24282937756 0.60274327449
0.155813939087 0.803019964267
6.65332423489 -2.89018771805
7.02407679363 -3.40237133787
3.88792370653 0.523346490873
6.12667543446 -2.07695798424
4.39842874796 0.751487132226
3.38510352161 0.0376683421966
5.83944855272 -1.63813847033
7.96119485329 -1.82080545436
4.14060672828 0.535013487601
2.70468449718 -0.986269405065
1.76173907561 -0.79294861923
1.83153427049 -0.261025124808
0.566858799109 0.207269095473
1.71389445896 -0.676859472375
4.5683447466 0.725793123085
6.45997598213 -2.63664705357
3.44840945925 0.0684071656493
5.83260679568 -0.970186122175
0.787342969216 -0.109867601233
6.89338029082 -2.85168892289
3.58890838267 0.073934708162
1.99845158306 -1.00430167839
6.89079283809 -3.15817099612
7.9942597473 -0.995561829986
7.41093586407 -2.95588612482
3.88512900361 0.451043484573
0.469083199777 0.500804172979
2.12162446538 -0.992880800621
3.38405988792 0.875202985573
4.44614658724 0.108254537976
2.37366260396 -0.75622925225
4.33756161099 -0.0049815176326
